135766687
135766689
135766694
135766706
135766711
135766724
135766728
135766733
135766738
135766764
135766777
135766782
135766792
135766808
135766834
135766848
135766859
135766859
135766859
135766899
135766920
135766928
135766929
135766942
135766954
135766987
135766988
135766990
135766990
135767011
135767024
135767031
135767047
135767050
135767085
135767100
135767106
135767112
135767122
135767127
135767130
135767133
135767135
135767157
135767171
135767174
135767175
135767185
135767200
135767233
135767237
135767262
135767263
135767270
135767272
135767278
135767288
135767308
135767334
135767368
135767369
135767373
135767374
135767396
135767401
135767401
135767410
135767413
135767429
135767437
135767473
135767484
135767491
135767502
135767502
135767516
135767516
135767525
135767538
135767559
135767561
135767565
135767575
135767585
135767588
135767601
135767605
135767615
135767623
135767625
135767626
135767626
135767634
135767670
135767699
135767743
135767761
135767767
135767768
135767783
135767789
135767792
135767794
135767807
135767808
135767826
135767831
135767890
135767893
135767897
135767916
135767919
135767924
135767925
135767938
135767942
135767943
135767955
135767966
135767979
135767990
135768033
135768041
135768043
135768047
135768057
135768070
135768084
135768110
135768112
135768119
135768123
135768138
135768158
135768164
135768174
135768179
135768181
135768193
135768219
135768226
135768240
135768243
135768254
135768258
135768280
135768286
135768293
135768306
135768319
135768332
135768338
135768342
135768343
135768345
135768350
135768372
135768379
135768393
135768394
135768400
135768480
135768483
135768509
135768514
135768515
135768517
135768539
135768577
135768588
135768604
135768604
135768673
135768718
135768721
135768723
135768724
135768728
135768742
135768748
135768750
135768765
135768768
135768783
135768784
135768786
135768810
135768811
135768834
135768843
135768862
135768879
135768880
135768889
135768898
135768907
135768908
135768914
135768917
135768918
135768931
135768971
135768975
135768983
135768983
135768984
135768985
135768994
135769009
135769054
135769064
135769066
135769077
135769079
135769133
135769153
135769153
135769161
135769162
135769168
135769178
135769185
135769204
135769217
135769260
135769268
135769289
135769295
135769310
135769319
135769320
135769375
135769400
135769401
135769401
135769403
135769436
135769454
135769469
135769480
135769486
135769489
135769496
135769497
135769508
135769513
135769525
135769528
135769551
135769561
135769566
135769600
135769601
135769612
135769619
135769630
135769657
135769675
135769677
135769680
135769682
135769688
135769708
135769711
135769720
135769723
135769725
135769731
135769751
135769761
135769764
135769801
135769802
135769802
135769815
135769816
135769823
135769832
135769837
135769854
135769862
135769881
135769884
135769908
135769933
135769942
135769949
135769968
135770016
135770028
135770031
135770049
135770105
135770114
135770115
135770115
135770123
135770132
135770132
135770134
135770135
135770139
135770148
135770149
135770154
135770156
135770170
135770202
135770204
135770210
135770227
135770246
135770250
135770267
135770273
135770295
135770298
135770300
135770305
135770309
135770318
135770346
135770347
135770360
135770370
135770371
135770373
135770379
135770393
135770394
135770395
135770427
135770428
135770429
135770444
135770462
135770465
135770481
135770492
135770495
135770528
135770538
135770570
135770579
135770601
135770604
135770610
135770656
135770675
135770679
135770680
135770681
135770709
135770737
135770751
135770773
135770780
135770781
135770798
135770808
135770816
135770827
135770842
135770848
135770857
135770858
135770885
135770892
135770906
135770914
135770918
135770940
135770945
135770950
135770971
135770979
135771033
135771047
135771048
135771048
135771058
135771065
135771068
135771073
135771088
135771105
135771122
135771123
135771135
135771165
135771205
135771217
135771246
135771256
135771259
135771264
135771268
135771270
135771315
135771324
135771325
135771326
135771327
135771327
135771332
135771333
135771340
135771340
135771343
135771355
135771392
135771417
135771418
135771419
135771426
135771441
135771447
135771464
135771473
135771478
135771506
135771513
135771515
135771523
135771536
135771562
135771586
135771589
135771594
135771598
135771601
135771603
135771604
135771608
135771608
135771609
135771620
135771627
135771631
135771632
135771642
135771658
135771670
135771678
135771681
135771682
135771683
135771684
135771688
135771689
135771690
135771691
135771693
135771695
135771697
135771698
135771700
135771700
135771700
135771701
135771703
135771704
135771712
135771714
135771715
135771720
135771721
135771723
135771730
135771731
135771736
135771740
135771744
135771753
135771756
135771761
135771763
135771767
135771770
135771772
135771780
135771781
135771793
135771795
135771796
135771798
135771806
135771808
135771812
135771812
135771814
135771814
135771817
135771827
135771828
135771835
135771838
135771839
135771843
135771847
135771849
135771851
135771851
135771860
135771864
135771868
135771872
135771880
135771889
135771895
135771902
135771907
135771910
135771923
135771932
135771933
135771936
135771940
135771942
135771945
135771948
135771953
135771956
135771958
135771959
135771961
135771966
135771966
135771977
135771982
135771984
135771987
135771987
135771987
135771987
135771987
135771988
135771992
135771992
135771994
135771997
135772002
135772005
135772010
135772014
135772026
135772031
135772037
135772038
135772041
135772042
135772050
135772052
135772057
135772062
135772066
135772069
135772070
135772072
135772083
135772085
135772088
135772092
135772093
135772094
135772098
135772100
135772101
135772105
135772106
135772112
135772116
135772117
135772120
135772122
135772122
135772123
135772130
135772133
135772135
135772139
135772155
135772157
135772162
135772165
135772174
135772175
135772181
135772184
135772185
135772190
135772191
135772195
135772211
135772502
135772526
135772529
135772532
135772539
135772548
135772550
135772550
135772555
135772559
135772561
135772575
135772578
135772581
135772582
135772601
135772602
135772606
135772606
135772613
135772614
135772616
135772620
135772622
135772624
135772633
135772636
135772645
135772649
135772650
135772651
135772653
135772662
135772664
135772668
135772669
135772679
135772681
135772682
135772699
135772703
135772705
135772712
135772716
135772717
135772719
135772725
135772730
135772732
135772743
135772756
135772759
135772765
135772768
135772776
135772782
135772792
135772793
135772795
135772796
135772798
135772798
135772810
135772827
135772836
135772842
135772846
135772847
135772857
135772870
135772876
135772878
135772884
135772900
135772901
135772916
135772919
135772923
135772927
135772932
135772933
135772937
135772940
135772941
135772944
135772946
135772954
135772957
135772958
135772964
135772965
135772969
135772970
135772972
135772976
135772977
135772987
135773021
135773034
135773037
135773044
135773057
135776034
135776038
135776051
135776055
135776055
135776061
135776061
135776062
135776063
135776066
135776069
135776076
135776083
135776085
135776087
135776088
135776102
135776113
135776113
135776114
135776115
135776123
135776138
135776149
135776150
135776167
135776171
135776185
135776192
135776200
135776206
135776207
135776207
135776222
135776227
135776228
135776228
135776235
135776235
135776236
135776239
135776239
135776240
135776244
135776246
135776257
135776257
135776258
135776260
135776261
135776266
135776283
135776292
135776925
135776929
135776935
135776936
135776950
135776958
135776965
135776973
135776987
135776993
135777000
135777000
135777001
135777002
135777006
135777015
135777015
135777019
135777021
135777044
135777046
135777047
135777047
135777050
135777053
135777054
135777055
135777055
135777057
135777058
135777084
135777094
135777099
135777100
135777101
135777102
135777106
135777108
135777109
135777111
135777118
135777118
135777120
135777121
135777121
135777122
135777124
135777128
135777131
135777135
135777137
135777933
135777941
135777949
135777950
135777951
135777958
135777958
135777959
135777959
135777967
135777975
135777975
135777976
135777978
135777988
135778003
135778004
135778007
135778008
135778014
135778026
135778028
135778032
135778035
135778037
135778060
135778061
135778065
135778066
135778071
135778072
135778080
135778098
135778099
135778102
135778111
135778115
135778129
135778136
135778137
135778143
135778148
135778170
135778177
135778183
135778185
135778192
135778192
135778196
135778198
135778198
135778208
135778216
135778217
135778218
135778240
135778241
135778245
135778991
135778991
135778993
135778997
135778997
135779015
135779018
135779028
135779031
135779042
135779043
135779043
135779050
135779051
135779052
135779059
135779084
135779084
135779085
135779085
135779094
135779095
135779101
135779102
135779108
135779122
135779123
135779131
135779137
135779154
135779161
135779169
135779171
135779176
135779178
135779180
135779181
135779182
135779193
135779196
135779198
135779219
135779231
135779232
135779238
135779243
135779244
135779249
135779249
135779250
135779256
135779279
135779732
135779748
135779749
135779750
135779755
135779762
135779763
135779770
135779776
135779777
135779777
135779782
135779789
135779795
135779798
135779801
135779805
135779806
135779806
135779807
135779809
135779813
135779816
135779817
135779821
135779823
135779828
135779836
135779849
135779850
135779860
135779865
135779870
135779874
135779875
135779875
135779876
135779886
135779889
135779894
135779895
135779910
135779912
135780895
135780898
135780911
135780917
135780919
135780920
135780924
135780930
135780935
135780947
135780950
135780952
135780956
135780962
135780968
135780970
135780977
135780984
135780988
135780989
135780990
135780991
135780991
135781004
135781005
135781005
135781006
135781011
135781016
135781022
135781026
135781029
135781031
135781038
135781043
135781044
135781045
135781049
135781049
135781056
135781068
135781075
135781077
135781080
135781081
135781083
135781084
135781086
135781087
135781094
135781096
135781103
135781104
135781116
135781116
135781117
135781132
135781147
135781149
135781151
135781154
135781156
135781157
135781159
135781163
135781170
135781171
135781173
135781189
135781190
135781192
135781193
135781193
135781194
135781200
135781205
135781206
135781207
135781209
135781212
135781214
135781216
135781220
135781227
135781231
135781239
135781243
135781244
135781245
135781248
135781249
135781255
135781261
135781264
135781265
135781280
135781286
135781287
135781288
135781291
135781312
135781314
135781317
135781325
135781329
135781330
135781331
135781334
135781354
135781358
135781361
135781362
135781362
135781363
135781368
135781369
135781371
135781374
135781375
135781376
135781380
135781381
135781385
135781391
135781394
135781396
135781398
135781403
135781415
135781416
135781421
135781426
135781430
135781437
135781439
135781455
135781459
135781462
135781476
135781486
135781505
135781523
135781528
135781530
135781541
135781546
135781548
135781562
135781563
135781567
135781568
135781576
135782071
135782073
135782074
135782083
135782083
135782090
135782094
135782095
135782097
135782105
135782112
135782117
135782124
135782138
135782139
135782149
135782166
135782173
135782174
135782187
135782192
135782194
135782201
135782206
135782212
135782212
135782214
135782218
135782221
135782225
135782226
135782238
135782242
135782260
135782263
135782270
135782277
135782284
135782616
135782619
135782640
135782640
135782653
135782661
135782662
135782663
135782664
135782667
135782668
135782672
135782674
135782675
135782676
135782679
135782683
135782689
135782693
135782694
135782704
135782706
135782716
135782719
135782722
135782731
135782741
135782745
135782748
135782760
135782766
135782766
135782769
135782775
135782787
135782791
135782797
135782800
135782804
135782804
135782805
135782807
135782830
135785159
135785172
135785263
135785273
135785274
135785292
135785294
135785323
135785326
135785336
135785341
135785349
135785354
135785354
135785362
135785377
135785381
135785391
135785466
135785566
135785567
135785569
135785586
135785592
135785642
135785643
135785652
135785667
135785670
135785710
135785713
135785722
135785760
135785776
135785778
135785787
135785801
135785805
135785808
135785819
135785827
135785846
135785851
135785852
135785852
135785855
135785858
135785861
135785861
135785862
135785870
135785871
135785879
135785893
135785897
135785911
135785922
135785923
135785924
135785930
135785936
135785941
135785943
135785944
135785949
135785949
135785953
135785964
135785964
135785965
135785965
135785966
135785968
135785970
135785971
135785971
135785973
135785977
135785978
135785983
135785989
135785990
135785993
135785997
135786000
135786002
135786002
135786003
135786004
135786012
135786013
135786018
135786021
135786023
135786025
135786031
135786043
135786050
135786054
135786055
135786058
135786061
135786076
135786077
135786099
135786103
135786111
135786112
135786112
135786120
135786123
135786125
135786127
135786137
135786154
135786326
135786337
135786338
135786344
135786360
135786360
135786363
135786370
135786372
135786379
135786398
135786400
135786402
135786404
135786414
135786416
135786417
135786417
135786419
135786420
135786423
135786431
135786433
135786434
135786446
135786451
135786452
135786452
135786471
135786476
135786479
135786480
135786483
135786485
135786491
135786492
135786513
135786514
135786514
135786529
135786537
135786548
135786555
135786568
135786574
135786615
135786619
135786626
135786629
135786630
135786643
135786646
135786696
135786706
135786711
135786722
135786726
135786739
135786746
135786749
135786754
135786755
135786758
135786760
135786764
135786765
135786768
135786782
135786790
135786798
135786806
135786811
135786813
135786814
135786815
135786818
135786828
135786836
135786839
135786845
135786849
135786854
135786862
135786863
135786863
135786864
135786867
135786867
135786868
135786870
135786872
135786891
135786892
135786896
135786900
135786902
135786902
135786904
135786909
135786909
135786922
135786923
135786925
135786926
135786927
135786928
135786931
135786937
135786938
135786939
135786948
135786949
135786952
135786954
135786954
135786954
135786958
135786964
135786966
135786967
135786971
135786976
135786976
135786977
135786978
135786978
135786980
135786984
135786988
135786999
135787620
135787630
135787633
135787634
135787638
135787640
135787645
135787652
135787655
135787661
135787664
135787670
135787679
135787679
135787683
135787691
135787696
135787698
135787704
135787706
135787709
135787711
135787712
135787712
135787719
135787720
135787723
135787725
135787726
135787729
135787730
135787731
135787731
135787732
135787736
135787742
135787743
135787747
135787752
135787756
135787762
135787763
135787764
135787764
135787772
135787775
135787776
135787784
135787790
135787796
135787800
135787803
135787806
135787807
135787810
135787812
135787812
135787816
135787819
135787820
135787823
135787827
135787854
135787864
135787865
135787873
135787878
135787880
135787888
135787890
135787897
135787899
135787916
135796696
135796703
135796706
135796707
135796712
135796713
135796714
135796719
135796724
135796725
135796728
135796730
135796731
135796732
135796742
135796744
135796744
135796746
135796753
135796763
135796767
135796768
135796775
135796794
135796795
135796804
135796807
135796810
135796814
135796817
135796821
135796848
135796849
135796851
135796853
135796855
135796856
135796861
135796866
135796889
135797152
135797162
135797166
135797167
135797171
135797171
135797174
135797176
135797177
135797185
135797188
135797191
135797197
135797198
135797211
135797212
135797218
135797228
135797236
135797238
135797244
135797247
135797248
135797251
135797254
135797258
135797266
135797271
135797272
135797276
135797288
135797300
135797301
135797313
135797314
135797317
135797320
135797323
135797326
135797327
135797327
135797329
135797337
135797338
135797342
135797345
135797350
135797350
135797351
135797354
135797355
135797356
135797368
135797369
135797370
135797373
135797376
135797378
135797381
135797383
135797384
135797388
135797397
135797406
135797407
135798664
135798668
135798681
135798686
135798695
135798697
135798706
135798707
135798717
135798718
135798720
135798720
135798720
135798721
135798724
135798731
135798737
135798753
135798764
135798776
135798778
135798781
135798788
135798798
135798808
135798811
135798828
135798830
135798835
135798841
135798846
135798848
135798854
135798864
135798865
135798866
135798867
135798868
135798871
135798872
135798873
135798886
135798888
135798893
135798907
135798908
135798917
135798920
135798922
135798928
135798929
135798933
135798933
135798971
135798998
135798999
135799027
135799068
135799068
135799081
135799092
135799117
135799117
135799130
135799136
135799142
135800908
135800929
135800935
135800941
135800945
135800947
135800953
135800958
135800988
135800988
135800989
135800989
135800991
135800995
135800995
135800997
135801006
135801015
135801023
135801048
135801048
135801050
135801064
135801064
135801065
135801067
135801076
135801078
135801081
135801086
135801087
135801088
135801090
135801106
135801123
135801124
135801124
135801134
135801136
135801137
135801141
135801142
135801142
135801144
135801144
135801146
135801147
135801152
135801155
135801157
135801158
135801159
135801172
135801180
135801188
135801189
135802524
135802538
135802544
135802547
135802549
135802555
135802556
135802566
135802570
135802571
135802575
135802576
135802579
135802583
135802597
135802603
135802617
135802618
135802621
135802622
135802630
135802631
135802632
135802637
135802639
135802645
135802663
135802665
135802672
135802677
135802682
135802684
135802684
135802687
135802688
135802689
135802699
135802703
135802720
135802727
135802739
135802742
135802755
135802758
135804100
135804106
135804107
135804107
135804108
135804114
135804116
135804118
135804136
135804139
135804140
135804148
135804150
135804161
135804167
135804171
135804173
135804188
135804190
135804191
135804195
135804196
135804209
135804210
135804213
135804218
135804222
135804223
135804227
135804232
135804238
135804239
135804239
135804250
135804261
135804263
135804264
135804266
135804266
135804269
135804270
135804270
135804271
135804275
135804275
135804276
135804276
135804279
135804280
135804289
135804294
135804295
135804296
135804300
135804303
135804327
135804341
135804392
135804393
135804394
135804410
135806532
135806538
135806545
135806559
135806561
135806576
135806579
135806615
135806634
135806635
135806647
135806647
135806648
135806653
135806670
135806693
135806702
135806703
135806704
135806704
135806706
135806715
135806728
135806748
135806754
135810358
135810363
135810378
135810401
135810425
135810429
135810438
135810468
135810490
135810497
135810499
135810538
135819872
135819878
135819888
135819891
135819905
135819909
135819916
135819920
135819921
135819921
135819923
135819929
135819930
135819942
135819943
135819946
135819953
135819962
135819963
135819973
135819998
135820000
135820007
135820010
135820010
135820011
135820019
135820019
135820023
135820027
135820028
135820029
135820029
135820032
135820039
135820046
135820047
135820063
135820074
135820084
135820094
